 <pre>

 Contingency table for Low clouds (octas)
 Selection: Ireland     27 stations
Period: 20180601-20180614
Used {12} + 01 02 ... 24
 Limits    1.00000000       2.00000000       3.00000000       4.00000000       5.00000000       6.00000000       7.00000000    
 Each class is data <= limit, the very last > last limit
 Total number of values        7465
                                              OBSERVATION
                                    651       43       75       41       55       33      137       67 |      1102
                                    148       31       31       30       19       22       60       37 |       378
                                    106       18       18       18       31       12       61       42 |       306
                      RFRMIN25       87       20       28       22       18        7       70       46 |       298
                                     75       22       23       15       27       26       80       43 |       311
                                     92       22       25       24       34       33      116       64 |       410
                                    119       41       43       37       45       40      165      117 |       607
                                    355      183      261      190      255      263     1392     1154 |      4053

                    SUM            1633      380      504      377      484      436     2081     1570 |      7465
                                              OBSERVATION
                                   1086      148      188      119      169      114      431      273 |      2528
                                     57       17       29       16       23       12       73       46 |       273
                                     33       11       14       13       11       10       50       25 |       167
                       RFRMIN1       20        8       14        8       15       13       42       19 |       139
                                     17        9       15        9       16       10       27       18 |       121
                                     29        5       13       15       12       10       53       43 |       180
                                     62       24       25       16       16       24       98       63 |       328
                                    329      158      206      181      222      243     1307     1083 |      3729

                    SUM            1633      380      504      377      484      436     2081     1570 |      7465
                                              OBSERVATION
                                   1093      156      183      124      168      131      462      259 |      2576
                                     49       10       24       15       13       13       54       34 |       212
                                     35        6       10        9       10        6       47       25 |       148
                  RFRMIN1_Wopt       26        5       13        6        9       15       38       22 |       134
                                     19        9       14       12       11        5       30       28 |       128
                                     20       15        6        9       16        9       45       39 |       159
                                     48       22       18       26       28       15       86       55 |       298
                                    343      157      236      176      229      242     1319     1108 |      3810

                    SUM            1633      380      504      377      484      436     2081     1570 |      7465

