 <pre>

 Contingency table for Rh2m (%)
 Selection: Ireland     28 stations
Period: 20180601-20180614
Used {00,12} + 01 02 ... 24
 Limits    30.0000000       50.0000000       65.0000000       75.0000000       85.0000000       95.0000000       100.000000    
 Each class is data <= limit, the very last > last limit
 Total number of values       18784
                                              OBSERVATION
                                      0        0        0        0        0        0        0        0 |         0
                                      0       23       55        8        0        0        0        0 |        86
                                      0      137      789      604      151       11        2        0 |      1694
                      RFRMIN25        0       24      768     1510      983      207       15        0 |      3507
                                      0        2      198     1078     2321     1416      181        0 |      5196
                                      0        0       37      283     1292     3099     1106        0 |      5817
                                      0        0        9       32      135      814     1345        0 |      2335
                                      0        0        0        0        0       19      130        0 |       149

                    SUM               0      186     1856     3515     4882     5566     2779        0 |     18784
                                              OBSERVATION
                                      0        0        0        0        0        0        0        0 |         0
                                      0       25       49        4        0        0        0        0 |        78
                                      0      133      814      551      110       11        0        0 |      1619
                       RFRMIN1        0       26      766     1557     1012      204       13        0 |      3578
                                      0        2      168     1078     2336     1374      155        0 |      5113
                                      0        0       52      279     1269     3017     1050        0 |      5667
                                      0        0        7       46      155      938     1429        0 |      2575
                                      0        0        0        0        0       22      132        0 |       154

                    SUM               0      186     1856     3515     4882     5566     2779        0 |     18784
                                              OBSERVATION
                                      0        0        0        0        0        0        0        0 |         0
                                      0        7       36        1        0        0        0        0 |        44
                                      0      124      654      460      103        5        0        0 |      1346
                  RFRMIN1_Wopt        0       49      869     1568      995      207        8        0 |      3696
                                      0        5      234     1106     2241     1351      152        0 |      5089
                                      0        1       57      341     1398     3068     1062        0 |      5927
                                      0        0        6       39      145      912     1415        0 |      2517
                                      0        0        0        0        0       23      142        0 |       165

                    SUM               0      186     1856     3515     4882     5566     2779        0 |     18784

