 <pre>

 Contingency table for Rh2m (%)
 Selection: ALL    160 stations
Period: 20180601-20180614
Used {00} + 01 02 ... 24
 Limits    30.0000000       50.0000000       65.0000000       75.0000000       85.0000000       95.0000000       100.000000    
 Each class is data <= limit, the very last > last limit
 Total number of values       51975
                                              OBSERVATION
                                      0        0        0        0        0        0        0        0 |         0
                                      2      285      209       27        3        0        0        0 |       526
                                      0      684     2891     1511      403       45        3        0 |      5537
                      RFRMIN25        0      105     2263     4172     2826      643       29        0 |     10038
                                      0       15      538     2523     5931     4020      477        0 |     13504
                                      0        0       88      541     2921     8173     3383        0 |     15106
                                      0        0        7       38      313     2197     4297        0 |      6852
                                      0        0        0        1        2       36      373        0 |       412

                    SUM               2     1089     5996     8813    12399    15114     8562        0 |     51975
                                              OBSERVATION
                                      0        0        0        0        0        0        0        0 |         0
                                      2      265      183       24        1        1        0        0 |       476
                                      0      721     2930     1510      377       41        2        0 |      5581
                       RFRMIN1        0       91     2226     4187     2804      615       31        0 |      9954
                                      0       10      543     2481     5920     3859      471        0 |     13284
                                      0        2      105      550     2964     8275     3427        0 |     15323
                                      0        0        9       61      332     2274     4224        0 |      6900
                                      0        0        0        0        1       49      407        0 |       457

                    SUM               2     1089     5996     8813    12399    15114     8562        0 |     51975
                                              OBSERVATION
                                      0        0        0        0        0        0        0        0 |         0
                                      2      182      154       27        2        1        0        0 |       368
                                      0      761     2636     1303      333       38        1        0 |      5072
                  RFRMIN1_Wopt        0      130     2442     4119     2690      559       30        0 |      9970
                                      0       14      623     2669     5907     3865      430        0 |     13508
                                      0        2      134      631     3146     8357     3458        0 |     15728
                                      0        0        7       64      318     2259     4232        0 |      6880
                                      0        0        0        0        3       35      411        0 |       449

                    SUM               2     1089     5996     8813    12399    15114     8562        0 |     51975

