 <pre>

 Contingency table for Low clouds (octas)
 Selection: ALL    144 stations
Period: 20180601-20180614
Used {00} + 01 02 ... 24
 Limits    1.00000000       2.00000000       3.00000000       4.00000000       5.00000000       6.00000000       7.00000000    
 Each class is data <= limit, the very last > last limit
 Total number of values       36981
                                              OBSERVATION
                                   4063      624      493      402      351      347      793      826 |      7899
                                    613      164      143      102      128      102      267      266 |      1785
                                    482      133      160       91      109       90      246      251 |      1562
                      RFRMIN25      393      131      151      104       98      110      270      253 |      1510
                                    352      132      127      124      129      101      269      262 |      1496
                                    373      139      154      129      131      130      343      341 |      1740
                                    557      203      230      199      189      192      591      587 |      2748
                                   1692     1098     1010      946     1052     1287     4320     6836 |     18241

                    SUM            8525     2624     2468     2097     2187     2359     7099     9622 |     36981
                                              OBSERVATION
                                   5900     1139      988      778      775      753     1709     1765 |     13807
                                    274      101      111       83       94       70      265      237 |      1235
                                    153       69       71       63       59       60      165      145 |       785
                       RFRMIN1      127       53       65       58       44       50      146      136 |       679
                                    113       58       68       54       40       47      136      131 |       647
                                    151       70       69       64       55       61      185      176 |       831
                                    251      126      112       95      120       92      331      356 |      1483
                                   1556     1008      984      902     1000     1226     4162     6676 |     17514

                    SUM            8525     2624     2468     2097     2187     2359     7099     9622 |     36981
                                              OBSERVATION
                                   5879     1170     1025      795      773      733     1785     1765 |     13925
                                    251       95       91       78       82       74      234      204 |      1109
                                    162       69       63       58       46       62      152      141 |       753
                  RFRMIN1_Wopt      124       62       59       43       38       41      128      127 |       622
                                     92       41       57       48       39       49      135      122 |       583
                                    158       52       59       61       62       64      174      161 |       791
                                    244      105       93      101      101       96      314      349 |      1403
                                   1615     1030     1021      913     1046     1240     4177     6753 |     17795

                    SUM            8525     2624     2468     2097     2187     2359     7099     9622 |     36981

