 <pre>

 Contingency table for Cloud base (m)
 Selection: ALL    144 stations
Period: 20180601-20180614
Used {00} + 03 06 09 12 15 18 21 24
 Limits    70.0000000       150.000000       300.000000       600.000000       1000.00000       1500.00000       2500.00000       5000.00000    
 Each class is data <= limit, the very last > last limit
 Total number of values       11669
                                                       OBSERVATION
                                    248       94       26       25        6       10       17       26        2 |       454
                                    127      117       66       35       12       14       15       10        2 |       398
                                     99      196      310      144       31       31       15        6        3 |       835
                                     86      162      443      771      223      124       58       35        7 |      1909
                      RFRMIN25       72       78      149      581      691      411      118       88       23 |      2211
                                     56       43       60      167      343      630      164       87       32 |      1582
                                     33       39       36      101       80      185      191       57       14 |       736
                                     14       22       39       72       69       60      109      185       18 |       588
                                    127      106      184      474      459      584      307      368      347 |      2956

                    SUM             862      857     1313     2370     1914     2049      994      862      448 |     11669
                                                       OBSERVATION
                                    262       93       30       29        6       18       26       27        4 |       495
                                    125      122       67       32        7       19        8       11        3 |       394
                                    102      190      285      135       27       25       13       12        4 |       793
                                     84      145      431      668      154       84       50       31        4 |      1651
                       RFRMIN1       54       75      128      511      502      252       80       44       13 |      1659
                                     35       30       61      186      397      545      111       68       21 |      1454
                                     26       36       37      106       92      231      162       42       13 |       745
                                     12       23       26       48       44       61       91      113        7 |       425
                                    162      143      248      655      685      814      453      514      379 |      4053

                    SUM             862      857     1313     2370     1914     2049      994      862      448 |     11669
                                                       OBSERVATION
                                    257       96       24       27        4       21       29       29        5 |       492
                                    117      113       64       32       10       13       11        7        3 |       370
                                    119      187      300      147       27       36       12       11        1 |       840
                                     88      153      443      688      181       77       46       31        5 |      1712
                  RFRMIN1_Wopt       40       70      121      518      566      277       76       45       11 |      1724
                                     39       31       50      170      365      539      115       56       24 |      1389
                                     24       33       34       84       83      193      152       32       14 |       649
                                     12       26       25       54       41       59       83      105        5 |       410
                                    166      148      252      650      637      834      470      546      380 |      4083

                    SUM             862      857     1313     2370     1914     2049      994      862      448 |     11669

