 <pre>

 Contingency table for Cloud base (m)
 Selection: ALL    144 stations
Period: 20180601-20180614
Used {12} + 03 06 09 12 15 18 21 24
 Limits    70.0000000       150.000000       300.000000       600.000000       1000.00000       1500.00000       2500.00000       5000.00000    
 Each class is data <= limit, the very last > last limit
 Total number of values       11640
                                                       OBSERVATION
                                    174       87       34       24        7        7       22       29        2 |       386
                                    106      111       55       27        8       23        6        5        2 |       343
                                     82      179      274      136       35       32       23       20        1 |       782
                                     70      136      429      817      227      118       53       22        4 |      1876
                      RFRMIN25       73       74      137      572      695      396      142       65       25 |      2179
                                     29       54       60      162      374      694      152       79       33 |      1637
                                     23       26       35       93       82      211      159       46       15 |       690
                                     20       22       24       66       54       62      121      174       19 |       562
                                    114      119      218      506      501      635      304      414      374 |      3185

                    SUM             691      808     1266     2403     1983     2178      982      854      475 |     11640
                                                       OBSERVATION
                                    200       92       32       26       13       11       21       37        2 |       434
                                     97      123       70       36       11       18       15       11        2 |       383
                                     93      168      272      130       28       23       20        8        6 |       748
                                     58      135      408      680      160       83       29       25        4 |      1582
                       RFRMIN1       36       69      117      506      523      286       90       37       13 |      1677
                                     38       38       49      184      383      579      121       63       16 |      1471
                                     11       30       34       95      101      223      143       47       13 |       697
                                     15       21       16       61       56       68      101      109        7 |       454
                                    143      132      268      685      708      887      442      517      412 |      4194

                    SUM             691      808     1266     2403     1983     2178      982      854      475 |     11640
                                                       OBSERVATION
                                    193       99       29       29        8       14       24       35        4 |       435
                                    110      123       68       34        9       23       15       11        3 |       396
                                     82      175      278      142       34       22       20       10        5 |       768
                                     58      136      413      697      161       96       39       24        3 |      1627
                  RFRMIN1_Wopt       45       66      124      544      545      279       87       38       13 |      1741
                                     29       40       53      169      384      598      137       61       21 |      1492
                                     17       27       27       93       84      230      132       33        7 |       650
                                      8       26       18       57       51       57       86      113        8 |       424
                                    149      116      256      638      707      859      442      529      411 |      4107

                    SUM             691      808     1266     2403     1983     2178      982      854      475 |     11640

