 <pre>

 Contingency table for Rh2m (%)
 Selection: ALL    160 stations
Period: 20180601-20180614
Used {12} + 01 02 ... 24
 Limits    30.0000000       50.0000000       65.0000000       75.0000000       85.0000000       95.0000000       100.000000    
 Each class is data <= limit, the very last > last limit
 Total number of values       51983
                                              OBSERVATION
                                      0        0        0        0        0        0        0        0 |         0
                                      2      330      178       23        5        0        0        0 |       538
                                      0      698     3208     1513      357       35        1        0 |      5812
                      RFRMIN25        0       93     2176     4436     3005      620       52        0 |     10382
                                      0       15      557     2472     6101     4158      502        0 |     13805
                                      0        0       79      524     2998     8297     3142        0 |     15040
                                      0        0        8       43      276     2053     3638        0 |      6018
                                      0        0        0        0        0       34      354        0 |       388

                    SUM               2     1136     6206     9011    12742    15197     7689        0 |     51983
                                              OBSERVATION
                                      0        0        0        0        0        0        0        0 |         0
                                      2      325      192       27        4        0        0        0 |       550
                                      0      708     3190     1522      357       47        0        0 |      5824
                       RFRMIN1        0       89     2216     4329     2879      622       48        0 |     10183
                                      0       12      523     2539     6091     3928      438        0 |     13531
                                      0        2       79      565     3118     8361     3129        0 |     15254
                                      0        0        6       29      292     2202     3692        0 |      6221
                                      0        0        0        0        1       37      382        0 |       420

                    SUM               2     1136     6206     9011    12742    15197     7689        0 |     51983
                                              OBSERVATION
                                      0        0        1        0        0        0        0        0 |         1
                                      2      211      163       19       10        0        0        0 |       405
                                      0      792     2881     1333      312       27        0        0 |      5345
                  RFRMIN1_Wopt        0      117     2414     4300     2789      584       46        0 |     10250
                                      0       14      618     2673     6066     3906      436        0 |     13713
                                      0        2      121      653     3257     8375     3103        0 |     15511
                                      0        0        8       33      308     2267     3698        0 |      6314
                                      0        0        0        0        0       38      406        0 |       444

                    SUM               2     1136     6206     9011    12742    15197     7689        0 |     51983

