 <pre>

 Contingency table for Cloud cover (octas)
 Selection: ALL     44 stations
Period: 20180601-20180614
Used {00,12} + 01 02 ... 24
 Limits   0.500000000       1.50000000       2.50000000       3.50000000       4.50000000       5.50000000       6.50000000       7.50000000    
 Each class is data <= limit, the very last > last limit
 Total number of values       14586
                                                       OBSERVATION
                                     49      581      260      171       93       86       72       74       31 |      1417
                                     18      191      123      103       68       68       94      104       43 |       812
                                      8      107       79       68       51       47       72       76       34 |       542
                                      4       87       60       50       53       56       44       82       24 |       460
                      RFRMIN25        7       72       63       64       44       61       65      111       49 |       536
                                     10       67       44       74       56       63       67      114       64 |       559
                                      6       69       58       60       53       69      107      172      104 |       698
                                      4       90       69       84       90      116      180      343      177 |      1153
                                     12      184      135      217      246      379      684     2753     3799 |      8409

                    SUM             118     1448      891      891      754      945     1385     3829     4325 |     14586
                                                       OBSERVATION
                                     77      912      429      317      216      229      270      295      121 |      2866
                                      6       95       65       96       74       69       83      153       78 |       719
                                      4       48       57       54       48       45       69      108       59 |       492
                                      0       43       41       35       31       36       54      101       44 |       385
                       RFRMIN1        4       40       37       41       27       44       54       90       39 |       376
                                      6       44       29       26       38       42       55      104       63 |       407
                                      7       43       40       50       42       39       70      148       86 |       525
                                      1       53       58       81       65       97      121      259      154 |       889
                                     13      170      135      191      213      344      609     2571     3681 |      7927

                    SUM             118     1448      891      891      754      945     1385     3829     4325 |     14586
                                                       OBSERVATION
                                     72      909      444      337      218      238      244      309      126 |      2897
                                      8       88       68       85       60       64       86      166       78 |       703
                                      6       56       42       53       41       41       66      117       54 |       476
                                      3       40       29       39       23       38       63       91       51 |       377
                  RFRMIN1_Wopt        2       30       41       29       21       36       46       91       42 |       338
                                      6       26       28       27       32       36       46       95       58 |       354
                                      6       39       54       43       53       42       67      128       90 |       522
                                      5       72       56       68       61       76      112      260      127 |       837
                                     10      188      129      210      245      374      655     2572     3699 |      8082

                    SUM             118     1448      891      891      754      945     1385     3829     4325 |     14586

