 <pre>

 Contingency table for Low clouds (octas)
 Selection: Ireland     27 stations
Period: 20180601-20180614
Used {00,12} + 01 02 ... 24
 Limits    1.00000000       2.00000000       3.00000000       4.00000000       5.00000000       6.00000000       7.00000000    
 Each class is data <= limit, the very last > last limit
 Total number of values       14899
                                              OBSERVATION
                                   1284      102      141       87       91       68      233      132 |      2138
                                    279       51       52       50       47       45      114       75 |       713
                                    203       36       42       38       56       33      115       90 |       613
                      RFRMIN25      162       40       57       42       43       19      125       96 |       584
                                    153       45       45       39       60       52      161       88 |       643
                                    176       51       55       43       59       58      217      124 |       783
                                    251       72       96       66       97       72      343      262 |      1259
                                    794      356      490      379      504      509     2798     2336 |      8166

                    SUM            3302      753      978      744      957      856     4106     3203 |     14899
                                              OBSERVATION
                                   2130      293      354      238      318      234      765      536 |      4868
                                    125       34       47       31       44       19      155       95 |       550
                                     65       18       32       29       19       23       89       49 |       324
                       RFRMIN1       44       12       29       15       30       21       72       53 |       276
                                     36       17       27       20       23       17       69       36 |       245
                                     63       12       28       28       27       17      121       83 |       379
                                    134       40       51       34       43       44      205      132 |       683
                                    705      327      410      349      453      481     2630     2219 |      7574

                    SUM            3302      753      978      744      957      856     4106     3203 |     14899
                                              OBSERVATION
                                   2138      310      361      248      320      249      852      523 |      5001
                                    111       27       46       36       25       23      116       79 |       463
                                     71       15       25       18       19       19       90       51 |       308
                  RFRMIN1_Wopt       50       13       27       12       17       21       74       50 |       264
                                     35       13       28       21       15       16       59       49 |       236
                                     50       24       21       21       33       19       92       78 |       338
                                    100       31       37       46       55       28      202      136 |       635
                                    747      320      433      342      473      481     2621     2237 |      7654

                    SUM            3302      753      978      744      957      856     4106     3203 |     14899

