 <pre>

 Contingency table for Low clouds (octas)
 Selection: ALL    144 stations
Period: 20180601-20180614
Used {00,12} + 01 02 ... 24
 Limits    1.00000000       2.00000000       3.00000000       4.00000000       5.00000000       6.00000000       7.00000000    
 Each class is data <= limit, the very last > last limit
 Total number of values       74066
                                              OBSERVATION
                                   8351     1263     1046      808      747      718     1618     1693 |     16244
                                   1231      343      298      244      251      234      571      538 |      3710
                                    957      267      269      201      209      178      459      477 |      3017
                      RFRMIN25      764      263      285      230      195      191      526      510 |      2964
                                    721      281      239      235      226      217      547      536 |      3002
                                    742      270      302      240      274      270      728      662 |      3488
                                   1033      434      447      376      361      380     1180     1177 |      5388
                                   3290     2212     2141     1927     2177     2568     8625    13313 |     36253

                    SUM           17089     5333     5027     4261     4440     4756    14254    18906 |     74066
                                              OBSERVATION
                                  12034     2344     2053     1587     1580     1524     3512     3575 |     28209
                                    504      205      227      167      179      134      518      417 |      2351
                                    287      150      136      140      118      126      333      294 |      1584
                       RFRMIN1      236       97      130      114       97      112      312      260 |      1358
                                    224      133      123      100       92       87      278      247 |      1284
                                    285      136      119      133      108      129      386      364 |      1660
                                    488      250      253      193      224      200      681      696 |      2985
                                   3031     2018     1986     1827     2042     2444     8234    13053 |     34635

                    SUM           17089     5333     5027     4261     4440     4756    14254    18906 |     74066
                                              OBSERVATION
                                  11990     2398     2082     1647     1605     1519     3645     3481 |     28367
                                    447      176      180      159      153      153      424      419 |      2111
                                    309      135      120      104       98      114      297      273 |      1450
                  RFRMIN1_Wopt      236      113      109       85       83      104      257      238 |      1225
                                    189       95      125       89       72       98      265      257 |      1190
                                    288      134      113      125      135      130      375      341 |      1641
                                    490      220      193      198      207      192      639      695 |      2834
                                   3140     2062     2105     1854     2087     2446     8352    13202 |     35248

                    SUM           17089     5333     5027     4261     4440     4756    14254    18906 |     74066

