 <pre>

 Contingency table for Rh2m (%)
 Selection: ALL    160 stations
Period: 20180601-20180614
Used {00,12} + 01 02 ... 24
 Limits    30.0000000       50.0000000       65.0000000       75.0000000       85.0000000       95.0000000       100.000000    
 Each class is data <= limit, the very last > last limit
 Total number of values      103958
                                              OBSERVATION
                                      0        0        0        0        0        0        0        0 |         0
                                      4      615      387       50        8        0        0        0 |      1064
                                      0     1382     6099     3024      760       80        4        0 |     11349
                      RFRMIN25        0      198     4439     8608     5831     1263       81        0 |     20420
                                      0       30     1095     4995    12032     8178      979        0 |     27309
                                      0        0      167     1065     5919    16470     6525        0 |     30146
                                      0        0       15       81      589     4250     7935        0 |     12870
                                      0        0        0        1        2       70      727        0 |       800

                    SUM               4     2225    12202    17824    25141    30311    16251        0 |    103958
                                              OBSERVATION
                                      0        0        0        0        0        0        0        0 |         0
                                      4      590      375       51        5        1        0        0 |      1026
                                      0     1429     6120     3032      734       88        2        0 |     11405
                       RFRMIN1        0      180     4442     8516     5683     1237       79        0 |     20137
                                      0       22     1066     5020    12011     7787      909        0 |     26815
                                      0        4      184     1115     6082    16636     6556        0 |     30577
                                      0        0       15       90      624     4476     7916        0 |     13121
                                      0        0        0        0        2       86      789        0 |       877

                    SUM               4     2225    12202    17824    25141    30311    16251        0 |    103958
                                              OBSERVATION
                                      0        0        1        0        0        0        0        0 |         1
                                      4      393      317       46       12        1        0        0 |       773
                                      0     1553     5517     2636      645       65        1        0 |     10417
                  RFRMIN1_Wopt        0      247     4856     8419     5479     1143       76        0 |     20220
                                      0       28     1241     5342    11973     7771      866        0 |     27221
                                      0        4      255     1284     6403    16732     6561        0 |     31239
                                      0        0       15       97      626     4526     7930        0 |     13194
                                      0        0        0        0        3       73      817        0 |       893

                    SUM               4     2225    12202    17824    25141    30311    16251        0 |    103958

