 <pre>

 Contingency table for Low clouds (octas)
 Selection: ALL    144 stations
Period: 20180601-20180614
Used {12} + 01 02 ... 24
 Limits    1.00000000       2.00000000       3.00000000       4.00000000       5.00000000       6.00000000       7.00000000    
 Each class is data <= limit, the very last > last limit
 Total number of values       37085
                                              OBSERVATION
                                   4288      639      553      406      396      371      825      867 |      8345
                                    618      179      155      142      123      132      304      272 |      1925
                                    475      134      109      110      100       88      213      226 |      1455
                      RFRMIN25      371      132      134      126       97       81      256      257 |      1454
                                    369      149      112      111       97      116      278      274 |      1506
                                    369      131      148      111      143      140      385      321 |      1748
                                    476      231      217      177      172      188      589      590 |      2640
                                   1598     1114     1131      981     1125     1281     4305     6477 |     18012

                    SUM            8564     2709     2559     2164     2253     2397     7155     9284 |     37085
                                              OBSERVATION
                                   6134     1205     1065      809      805      771     1803     1810 |     14402
                                    230      104      116       84       85       64      253      180 |      1116
                                    134       81       65       77       59       66      168      149 |       799
                       RFRMIN1      109       44       65       56       53       62      166      124 |       679
                                    111       75       55       46       52       40      142      116 |       637
                                    134       66       50       69       53       68      201      188 |       829
                                    237      124      141       98      104      108      350      340 |      1502
                                   1475     1010     1002      925     1042     1218     4072     6377 |     17121

                    SUM            8564     2709     2559     2164     2253     2397     7155     9284 |     37085
                                              OBSERVATION
                                   6111     1228     1057      852      832      786     1860     1716 |     14442
                                    196       81       89       81       71       79      190      215 |      1002
                                    147       66       57       46       52       52      145      132 |       697
                  RFRMIN1_Wopt      112       51       50       42       45       63      129      111 |       603
                                     97       54       68       41       33       49      130      135 |       607
                                    130       82       54       64       73       66      201      180 |       850
                                    246      115      100       97      106       96      325      346 |      1431
                                   1525     1032     1084      941     1041     1206     4175     6449 |     17453

                    SUM            8564     2709     2559     2164     2253     2397     7155     9284 |     37085

